function y=Fun(x)
y(1)=-10*x(1)-20*x(2)-12*x(3)-14*x(4);
y(2)=0.015*x(1)+0.02*x(2)+0.018*x(3)+0.011*x(4);
end